_ 1 7 3 4 _ 2 9 5 
_ 4 6 2 _ 5 8 1 7 
2 9 5 _ 1 _ 3 4 6 
6 _ _ 1 3 8 9 5 _ 
1 3 _ _ 5 2 _ 7 4 
9 _ 2 6 _ 4 _ 3 8 
7 6 _ 4 8 _ 5 2 9 
4 8 _ 5 2 9 7 6 1 
5 2 _ 7 6 1 4 _ 3 

_ 1 7 3 4 _ 2 9 5 
_ 4 6 2 _ 5 8 1 7 
2 9 5 _ 1 _ 3 4 6 
6 _ _ 1 3 8 9 5 _ 
1 3 _ _ 5 2 _ 7 4 
9 _ 2 6 _ 4 _ 3 8 
7 6 _ 4 8 _ 5 2 9 
4 8 _ 5 2 9 7 6 1 
5 2 _ 7 6 1 4 _ 3 

_ 1 7 3 4 _ 2 9 5 
_ 4 6 2 _ 5 8 1 7 
2 9 5 _ 1 _ 3 4 6 
6 _ _ 1 3 8 9 5 _ 
1 3 _ _ 5 2 _ 7 4 
9 _ 2 6 _ 4 _ 3 8 
7 6 _ 4 8 _ 5 2 9 
4 8 _ 5 2 9 7 6 1 
5 2 _ 7 6 1 4 _ 3 

_ 1 7 3 4 _ 2 9 5 
_ 4 6 2 _ 5 8 1 7 
2 9 5 _ 1 _ 3 4 6 
6 _ _ 1 3 8 9 5 _ 
1 3 _ _ 5 2 _ 7 4 
9 _ 2 6 _ 4 _ 3 8 
7 6 _ 4 8 _ 5 2 9 
4 8 _ 5 2 9 7 6 1 
5 2 _ 7 6 1 4 _ 3 

_ 1 7 3 4 _ 2 9 5 
_ 4 6 2 _ 5 8 1 7 
2 9 5 _ 1 _ 3 4 6 
6 _ _ 1 3 8 9 5 _ 
1 3 _ _ 5 2 _ 7 4 
9 _ 2 6 _ 4 _ 3 8 
7 6 _ 4 8 _ 5 2 9 
4 8 _ 5 2 9 7 6 1 
5 2 _ 7 6 1 4 _ 3 

